10284 0067    5  17.50     87.50
10287 0034   20  17.50    350.00
10315 0034   14  17.50    245.00
10358 0034   10  17.50    175.00
10367 0034   36  17.50    630.00
10386 0034   10  17.50    175.00
10261 0035   20  22.50    450.00
10281 0035    4  22.50     90.00
10286 0035  100  22.50   2250.00
10321 0035   10  22.50    225.00
10324 0035   70  22.50   1575.00
10390 0035   40  22.50    900.00
10398 0035   30  22.50    675.00
10400 0035   35  22.50    787.50
10424 0035   60  22.50   1350.00
10262 0056    2  43.70     87.40
10295 0056    4  43.70    174.80
10301 0056   20  43.70    874.00
10329 0056   12  43.70    524.40
10346 0056   20  43.70    874.00
10369 0056   18  43.70    786.60
10383 0056   20  43.70    874.00
10401 0056   70  43.70   3059.00
10426 0056    5  43.70    218.50
10430 0056   30  43.70   1311.00
10433 0056   28  43.70   1223.60
10436 0056   40  43.70   1748.00
10251 0057   15  22.40    336.00
10260 0057   50  22.40   1120.00
10282 0057    2  22.40     44.80
10326 0057   16  22.40    358.40
10355 0057   25  22.40    560.00
10368 0057   25  22.40    560.00
10416 0057   20  22.40    448.00
10309 0004   20  24.60    492.00
10326 0004   24  24.60    590.40
10336 0004   18  24.60    442.80
10339 0004   10  24.60    246.00
10344 0004   35  24.60    861.00
10258 0005   65  23.90   1553.50
10262 0005   12  23.90    286.80
10290 0005   20  23.90    478.00
10382 0005   32  23.90    764.80
10250 0065   15  23.60    354.00
10251 0065   20  23.60    472.00
10303 0065   30  23.60    708.00
10328 0065   40  23.60    944.00
10351 0065   10  23.60    236.00
10366 0065    5  23.60    118.00
10367 0065   15  23.60    354.00
10379 0065   20  23.60    472.00
10401 0065   20  23.60    472.00
10300 0066   30  19.00    570.00
10314 0058   30  17.20    516.00
10327 0058   30  17.20    516.00
10373 0058   80  17.20   1376.00
10374 0058   15  17.20    258.00
10289 0003   30  11.20    336.00
10405 0003   50  11.20    560.00
10285 0001   45  22.50   1012.50
10294 0001   18  22.50    405.00
10317 0001   20  22.50    450.00
10348 0001   15  22.50    337.50
10354 0001   12  22.50    270.00
10370 0001   15  22.50    337.50
10406 0001   10  22.50    225.00
10413 0001   24  22.50    540.00
10255 0002   20  23.80    476.00
10258 0002   50  23.80   1190.00
10264 0002   35  23.80    833.00
10298 0002   40  23.80    952.00
10327 0002   25  23.80    595.00
10335 0002    7  23.80    166.60
10342 0002   24  23.80    571.20
10393 0002   25  23.80    595.00
10418 0002   60  23.80   1428.00
10435 0002   10  23.80    238.00
10418 0061   16  31.90    510.40
10260 0062   15  62.60    939.00
10277 0062   12  62.60    751.20
10286 0062   40  62.60   2504.00
10298 0062   15  62.60    939.00
10307 0062   10  62.60    626.00
10310 0062    5  62.60    313.00
10314 0062   25  62.60   1565.00
10316 0062   70  62.60   4382.00
10339 0062   28  62.60   1752.80
10389 0062   20  62.60   1252.00
10394 0062   10  62.60    626.00
10408 0062   35  62.60   2191.00
10413 0062   40  62.60   2504.00
10253 0031   20  15.10    302.00
10272 0031   40  15.10    604.00
10273 0031   15  15.10    226.50
10325 0031    4  15.10     60.40
10335 0031   25  15.10    377.50
10342 0031   56  15.10    845.60
10356 0031   30  15.10    453.00
10359 0031   70  15.10   1057.00
10363 0031   20  15.10    302.00
10374 0031   30  15.10    453.00
10376 0031   42  15.10    634.20
10390 0031   60  15.10    906.00
10393 0031   32  15.10    483.20
10423 0031   14  15.10    211.40
10258 0032    6  38.70    232.20
10314 0032   40  38.70   1548.00
10335 0032    6  38.70    232.20
10248 0072    5  42.10    210.50
10268 0072    4  42.10    168.40
10269 0072   20  42.10    842.00
10272 0072   24  42.10   1010.40
10274 0072    7  42.10    294.70
10283 0072    3  42.10    126.30
10297 0072   20  42.10    842.00
10325 0072   40  42.10   1684.00
10330 0072   25  42.10   1052.50
10337 0072   25  42.10   1052.50
10372 0072   42  42.10   1768.20
10390 0072   24  42.10   1010.40
10396 0072   21  42.10    884.10
10435 0072   10  42.10    421.00
10252 0060   40  41.10   1644.00
10283 0060   35  41.10   1438.50
10284 0060   20  41.10    822.00
10294 0060   21  41.10    863.10
10357 0060    8  41.10    328.80
10359 0060   80  41.10   3288.00
10361 0060   55  41.10   2260.50
10372 0060   70  41.10   2877.00
10380 0060    6  41.10    246.60
10384 0060   15  41.10    616.50
10385 0060   20  41.10    822.00
10419 0060   60  41.10   2466.00
10255 0059   30  66.60   1998.00
10267 0059   70  66.60   4662.00
10275 0059    6  66.60    399.60
10278 0059   15  66.60    999.00
10298 0059   30  66.60   1998.00
10304 0059   10  66.60    666.00
10324 0059   40  66.60   2664.00
10328 0059    9  66.60    599.40
10341 0059    9  66.60    599.40
10387 0059   12  66.60    799.20
10410 0059   16  66.60   1065.60
10411 0059    9  66.60    599.40
10423 0059   20  66.60   1332.00
10430 0059   70  66.60   4662.00
10322 0052   20   8.10    162.00
10334 0052    8   8.10     64.80
10388 0052   20   8.10    162.00
10249 0051   40  64.70   2588.00
10250 0051   35  64.70   2264.50
10291 0051    2  64.70    129.40
10335 0051   48  64.70   3105.60
10362 0051   20  64.70   1294.00
10397 0051   18  64.70   1164.60
10256 0053   15  40.30    604.50
10285 0053   36  40.30   1450.80
10306 0053   10  40.30    403.00
10312 0053   20  40.30    806.00
10380 0053   20  40.30    806.00
10388 0053   40  40.30   1612.00
10395 0053   70  40.30   2821.00
10416 0053   10  40.30    403.00
10421 0053   15  40.30    604.50
10330 0026   50  39.70   1985.00
10337 0026   24  39.70    952.80
10357 0026   16  39.70    635.20
10393 0026   70  39.70   2779.00
10404 0026   30  39.70   1191.00
10421 0026   30  39.70   1191.00
10422 0026    2  39.70     79.40
10432 0026   10  39.70    397.00
10323 0025    4  17.80     71.20
10347 0025   10  17.80    178.00
10362 0025   50  17.80    890.00
10393 0025    7  17.80    124.60
10257 0027   25  55.80   1395.00
10284 0027   15  55.80    837.00
10253 0039   42  22.50    945.00
10257 0039    6  22.50    135.00
10297 0039   60  22.50   1350.00
10305 0039   30  22.50    675.00
10323 0039    4  22.50     90.00
10347 0039   50  22.50   1125.00
10361 0039   54  22.50   1215.00
10377 0039   20  22.50    450.00
10329 0038   20 329.40   6588.00
10351 0038   20 329.40   6588.00
10353 0038   50 329.40  16470.00
10360 0038   10 329.40   3294.00
10372 0038   40 329.40  13176.00
10417 0038   50 329.40  16470.00
10424 0038   49 329.40  16140.60
10267 0076   15  22.50    337.50
10273 0076   33  22.50    742.50
10318 0076    6  22.50    135.00
10319 0076   30  22.50    675.00
10343 0076   15  22.50    337.50
10363 0076   12  22.50    270.00
10399 0076   35  22.50    787.50
10413 0076   14  22.50    315.00
10425 0076   20  22.50    450.00
10434 0076   18  22.50    405.00
10253 0049   40  25.40   1016.00
10290 0049   15  25.40    381.00
10304 0049   30  25.40    762.00
10360 0049   35  25.40    889.00
10400 0049   30  25.40    762.00
10404 0049   30  25.40    762.00
10350 0050   15  20.60    309.00
10383 0050   15  20.60    309.00
10429 0050   40  20.60    824.00
10309 0006   30  28.00    840.00
10325 0006    6  28.00    168.00
10344 0008   70  44.80   3136.00
10345 0008   70  44.80   3136.00
10262 0007   15  36.60    549.00
10385 0007   10  36.60    366.00
10278 0044   16  21.80    348.80
10284 0044   21  21.80    457.80
10291 0044   24  21.80    523.20
10351 0044   77  21.80   1678.60
10411 0044   40  21.80    872.00
10270 0043   25  57.50   1437.50
10294 0043   15  57.50    862.50
10302 0043   12  57.50    690.00
10309 0043   20  57.50   1150.00
10312 0043   24  57.50   1380.00
10340 0043   40  57.50   2300.00
10248 0042   10  16.10    161.00
10309 0042    2  16.10     32.20
10311 0042    6  16.10     96.60
10332 0042   10  16.10    161.00
10345 0042    9  16.10    144.90
10404 0042   40  16.10    644.00
10388 0045   15  12.40    186.00
10287 0046   15  15.60    234.00
10324 0046   30  15.60    468.00
10390 0046   45  15.60    702.00
10395 0046   28  15.60    436.80
10417 0046    2  15.60     31.20
10428 0046   20  15.60    312.00
10436 0046    5  15.60     78.00
10254 0055   21  29.50    619.50
10280 0055   20  29.50    590.00
10342 0055   40  29.50   1180.00
10356 0055   12  29.50    354.00
10389 0055   15  29.50    442.50
10398 0055  120  29.50   3540.00
10425 0055   10  29.50    295.00
10288 0054   10   9.20     92.00
10306 0054    5   9.20     46.00
10331 0054   15   9.20    138.00
10349 0054   24   9.20    220.80
10352 0054   20   9.20    184.00
10360 0054   28   9.20    257.60
10362 0054   24   9.20    220.80
10367 0054   18   9.20    165.60
10375 0054   10   9.20     92.00
10408 0054    6   9.20     55.20
10432 0054   40   9.20    368.00
10283 0015   20  17.40    348.00
10323 0015    5  17.40     87.00
10276 0013   10   7.80     78.00
10291 0013   20   7.80    156.00
10325 0013   12   7.80     93.60
10383 0013   20   7.80    156.00
10391 0013   18   7.80    140.40
10394 0013   10   7.80     78.00
10420 0013    2   7.80     15.60
10249 0014    9  28.40    255.60
10325 0014    9  28.40    255.60
10333 0014   10  28.40    284.00
10375 0014   15  28.40    426.00
10393 0014   42  28.40   1192.80
10409 0014   12  28.40    340.80
10412 0014   20  28.40    568.00
10427 0014   35  28.40    994.00
10267 0040   50  23.90   1195.00
10273 0040   60  23.90   1434.00
10285 0040   40  23.90    956.00
10301 0040   10  23.90    239.00
10303 0040   40  23.90    956.00
10347 0040    4  23.90     95.60
10406 0040    2  23.90     47.80
10431 0040   50  23.90   1195.00
10250 0041   10  12.50    125.00
10260 0041   16  12.50    200.00
10264 0041   25  12.50    312.50
10316 0041   10  12.50    125.00
10318 0041   20  12.50    250.00
10340 0041   12  12.50    150.00
10351 0041   13  12.50    162.50
10379 0041    8  12.50    100.00
10411 0041   25  12.50    312.50
10263 0030   60  33.70   2022.00
10282 0030    6  33.70    202.20
10306 0030   10  33.70    337.00
10327 0030   35  33.70   1179.50
10329 0030    8  33.70    269.60
10338 0030   15  33.70    505.50
10380 0030   18  33.70    606.60
10401 0030   18  33.70    606.60
10274 0071   20  26.00    520.00
10304 0071    2  26.00     52.00
10309 0071    3  26.00     78.00
10320 0071   30  26.00    780.00
10333 0071   40  26.00   1040.00
10364 0071    5  26.00    130.00
10373 0071   50  26.00   1300.00
10378 0071    6  26.00    156.00
10387 0071   15  26.00    390.00
10396 0071   60  26.00   1560.00
10399 0071   30  26.00    780.00
10401 0071   60  26.00   1560.00
10407 0071   15  26.00    390.00
10252 0033   25   3.00     75.00
10269 0033   60   3.00    180.00
10271 0033   24   3.00     72.00
10273 0033   20   3.00     60.00
10341 0033    8   3.00     24.00
10382 0033   60   3.00    180.00
10410 0033   49   3.00    147.00
10414 0033   50   3.00    150.00
10415 0033   20   3.00     60.00
10296 0069   15  43.60    654.00
10308 0069    1  43.60     43.60
10311 0069    7  43.60    305.20
10350 0069   18  43.60    784.80
10356 0069   20  43.60    872.00
10364 0069   30  43.60   1308.00
10392 0069   50  43.60   2180.00
10395 0069    8  43.60    348.80
10407 0069   15  43.60    654.00
10419 0069   20  43.60    872.00
10251 0022    6  24.20    145.20
10435 0022   12  24.20    290.40
10337 0023   40  10.40    416.00
10348 0023   25  10.40    260.00
10396 0023   40  10.40    416.00
10402 0023   60  10.40    624.00
10265 0017   30  48.00   1440.00
10279 0017   15  48.00    720.00
10294 0017   15  48.00    720.00
10302 0017   40  48.00   1920.00
10319 0017    8  48.00    384.00
10338 0017   20  48.00    960.00
10339 0017   70  48.00   3360.00
10346 0017   36  48.00   1728.00
10415 0017    2  48.00     96.00
10430 0017   45  48.00   2160.00
10431 0017   50  48.00   2400.00
10293 0018   12  81.30    975.60
10305 0018   25  81.30   2032.50
10332 0018   40  81.30   3252.00
10340 0018   20  81.30   1626.00
10382 0018    9  81.30    731.70
10260 0070   21  18.80    394.80
10265 0070   20  18.80    376.00
10299 0070   20  18.80    376.00
10308 0070    5  18.80     94.00
10315 0070   30  18.80    564.00
10380 0070   30  18.80    564.00
10389 0070   30  18.80    564.00
10420 0070    8  18.80    150.40
10255 0016   35  22.20    777.00
10263 0016   60  22.20   1332.00
10287 0016   40  22.20    888.00
10296 0016   30  22.20    666.00
10310 0016   10  22.20    222.00
10324 0016   21  22.20    466.20
10359 0016   56  22.20   1243.20
10403 0016   21  22.20    466.20
10278 0063    8  49.20    393.60
10293 0063    5  49.20    246.00
10324 0063   80  49.20   3936.00
10379 0063   16  49.20    787.20
10402 0063   65  49.20   3198.00
10429 0063   35  49.20   1722.00
10256 0077   12  14.60    175.20
10257 0077   15  14.60    219.00
10290 0077   10  14.60    146.00
10366 0077    5  14.60     73.00
10367 0077    7  14.60    102.20
10399 0077   14  14.60    204.40
10417 0077   35  14.60    511.00
10421 0077   10  14.60    146.00
10280 0075   30   9.70    291.00
10293 0075    6   9.70     58.20
10294 0075    6   9.70     58.20
10312 0075   10   9.70     97.00
10326 0075   50   9.70    485.00
10347 0075    6   9.70     58.20
10363 0075   12   9.70    116.40
10436 0075   24   9.70    232.80
10277 0028   20  55.60   1112.00
10302 0028   28  55.60   1556.80
10312 0028    4  55.60    222.40
10319 0028   14  55.60    778.40
10360 0028   30  55.60   1668.00
10368 0028   13  55.60    722.80
10377 0028   20  55.60   1112.00
10387 0028    6  55.60    333.60
10406 0028   42  55.60   2335.20
10268 0029   10 152.30   1523.00
10290 0029   15 152.30   2284.50
10305 0029   25 152.30   3807.50
10354 0029    4 152.30    609.20
10360 0029   35 152.30   5330.50
10369 0029   20 152.30   3046.00
10382 0029   14 152.30   2132.20
10400 0029   21 152.30   3198.30
10289 0064    9  38.20    343.80
10343 0064   50  38.20   1910.00
10368 0064   35  38.20   1337.00
10370 0064   30  38.20   1146.00
10426 0064    7  38.20    267.40
10436 0064   30  38.20   1146.00
10248 0011   12  25.40    304.80
10296 0011   12  25.40    304.80
10327 0011   50  25.40   1270.00
10353 0011   12  25.40    304.80
10365 0011   24  25.40    609.60
10407 0011   30  25.40    762.00
10434 0011    6  25.40    152.40
10266 0012   12  46.00    552.00
10254 0024   15   5.60     84.00
10263 0024   28   5.60    156.80
10275 0024   12   5.60     67.20
10280 0024   12   5.60     67.20
10281 0024    6   5.60     33.60
10293 0024   10   5.60     56.00
10352 0024   10   5.60     56.00
10355 0024   25   5.60    140.00
10358 0024   10   5.60     56.00
10386 0024   15   5.60     84.00
10387 0024   15   5.60     84.00
10288 0068    3  15.90     47.70
10300 0068   20  15.90    318.00
10303 0068   15  15.90    238.50
10307 0068    3  15.90     47.70
10328 0068   10  15.90    159.00
10334 0068   10  15.90    159.00
10343 0068    4  15.90     63.60
10385 0068    8  15.90    127.20
10399 0068   60  15.90    954.00
10417 0068   36  15.90    572.40
10424 0068   30  15.90    477.00
10252 0020   40 102.90   4116.00
10272 0020    6 102.90    617.40
10292 0020   20 102.90   2058.00
10372 0020   12 102.90   1234.80
10384 0020   28 102.90   2881.20
10259 0021   10  12.70    127.00
10261 0021   20  12.70    254.00
10333 0021   10  12.70    127.00
10368 0021    5  12.70     63.50
10397 0021   10  12.70    127.00
10406 0021   30  12.70    381.00
10409 0021   12  12.70    152.40
10430 0021   50  12.70    635.00
10281 0019    1  11.70     11.70
10283 0019   18  11.70    210.60
10299 0019   15  11.70    175.50
10329 0019   10  11.70    117.00
10345 0019   80  11.70    936.00
10414 0019   18  11.70    210.60
10416 0019   20  11.70    234.00
10421 0019    4  11.70     46.80
10259 0037    1  33.80     33.80
10337 0037   28  33.80    946.40
10408 0037   10  33.80    338.00
10255 0036   25  24.70    617.50
10270 0036   30  24.70    741.00
10298 0036   40  24.70    988.00
10313 0036   12  24.70    296.40
10337 0036   20  24.70    494.00
10342 0036   40  24.70    988.00
10358 0036   20  24.70    494.00
10371 0036    6  24.70    148.20
10406 0036    5  24.70    123.50
10278 0073   25  19.50    487.50
10420 0073   20  19.50    390.00
10273 0010   24  40.30    967.20
10276 0010   15  40.30    604.50
10357 0010   30  40.30   1209.00
10389 0010   16  40.30    644.80
10254 0074   21  12.20    256.20
10263 0074   36  12.20    439.20
10370 0074   20  12.20    244.00
10381 0074   14  12.20    170.80
10382 0074   50  12.20    610.00
10418 0074   15  12.20    183.00
10420 0009   20 119.30   2386.00
10403 0048   70  16.20   1134.00
10332 0047   16  12.10    193.60
10418 0047   55  12.10    665.50
10431 0047   30  12.10    363.00
